# Synthetic data
Ev_idn	arrival times	rcv_index	X		Y		Z
1	  0.06298331	     1	      305.30000	     5723.72000	        0.73790
1	  0.07147777	     2	      305.30000	     5723.72000	        0.73790
1	  0.06084708	     3	      305.30000	     5723.72000	        0.73790
1	  0.06292103	     4	      305.30000	     5723.72000	        0.73790
1	  0.06001191	     5	      305.30000	     5723.72000	        0.73790
1	  0.07094856	     6	      305.30000	     5723.72000	        0.73790
1	  0.07979090	     7	      305.30000	     5723.72000	        0.73790
1	  0.06588674	     8	      305.30000	     5723.72000	        0.73790
1	  0.05380338	     9	      305.30000	     5723.72000	        0.73790
1	  0.04486971	    10	      305.30000	     5723.72000	        0.73790
1	  0.03461787	    11	      305.30000	     5723.72000	        0.73790
1	  0.06390624	    12	      305.30000	     5723.72000	        0.73790
1	  0.05703691	    13	      305.30000	     5723.72000	        0.73790
1	  0.05505571	    14	      305.30000	     5723.72000	        0.73790
1	  0.07540600	    15	      305.30000	     5723.72000	        0.73790
1	  0.07437530	    16	      305.30000	     5723.72000	        0.73790
2	  0.04669911	     1	      305.30000	     5723.82000	        0.74590
2	  0.05555031	     2	      305.30000	     5723.82000	        0.74590
2	  0.04690266	     3	      305.30000	     5723.82000	        0.74590
2	  0.04712566	     4	      305.30000	     5723.82000	        0.74590
2	  0.04091855	     5	      305.30000	     5723.82000	        0.74590
2	  0.05093419	     6	      305.30000	     5723.82000	        0.74590
2	  0.05867240	     7	      305.30000	     5723.82000	        0.74590
2	  0.04520147	     8	      305.30000	     5723.82000	        0.74590
2	  0.03373421	     9	      305.30000	     5723.82000	        0.74590
2	  0.02380422	    10	      305.30000	     5723.82000	        0.74590
2	  0.01491129	    11	      305.30000	     5723.82000	        0.74590
2	  0.04205752	    12	      305.30000	     5723.82000	        0.74590
2	  0.04021006	    13	      305.30000	     5723.82000	        0.74590
2	  0.03877258	    14	      305.30000	     5723.82000	        0.74590
2	  0.05728828	    15	      305.30000	     5723.82000	        0.74590
2	  0.05858971	    16	      305.30000	     5723.82000	        0.74590
3	  0.04011356	     1	      305.25000	     5723.92000	        0.74200
3	  0.04644539	     2	      305.25000	     5723.92000	        0.74200
3	  0.04428601	     3	      305.25000	     5723.92000	        0.74200
3	  0.04548776	     4	      305.25000	     5723.92000	        0.74200
3	  0.03249426	     5	      305.25000	     5723.92000	        0.74200
3	  0.03913207	     6	      305.25000	     5723.92000	        0.74200
3	  0.04486207	     7	      305.25000	     5723.92000	        0.74200
3	  0.03164594	     8	      305.25000	     5723.92000	        0.74200
3	  0.01753912	     9	      305.25000	     5723.92000	        0.74200
3	  0.01278999	    10	      305.25000	     5723.92000	        0.74200
3	  0.01387801	    11	      305.25000	     5723.92000	        0.74200
3	  0.02469472	    12	      305.25000	     5723.92000	        0.74200
3	  0.03415135	    13	      305.25000	     5723.92000	        0.74200
3	  0.03645592	    14	      305.25000	     5723.92000	        0.74200
3	  0.05147483	    15	      305.25000	     5723.92000	        0.74200
3	  0.05277379	    16	      305.25000	     5723.92000	        0.74200
4	  0.03592231	     1	      305.25000	     5724.02000	        0.72900
4	  0.03870016	     2	      305.25000	     5724.02000	        0.72900
4	  0.04401576	     3	      305.25000	     5724.02000	        0.72900
4	  0.04537585	     4	      305.25000	     5724.02000	        0.72900
4	  0.02755017	     5	      305.25000	     5724.02000	        0.72900
4	  0.02828579	     6	      305.25000	     5724.02000	        0.72900
4	  0.03153670	     7	      305.25000	     5724.02000	        0.72900
4	  0.02118881	     8	      305.25000	     5724.02000	        0.72900
4	  0.01461225	     9	      305.25000	     5724.02000	        0.72900
4	  0.02151860	    10	      305.25000	     5724.02000	        0.72900
4	  0.02922548	    11	      305.25000	     5724.02000	        0.72900
4	  0.01231873	    12	      305.25000	     5724.02000	        0.72900
4	  0.03301383	    13	      305.25000	     5724.02000	        0.72900
4	  0.03739169	    14	      305.25000	     5724.02000	        0.72900
4	  0.04362246	    15	      305.25000	     5724.02000	        0.72900
4	  0.04530405	    16	      305.25000	     5724.02000	        0.72900
5	  0.03500299	     1	      305.30000	     5724.12000	        0.69710
5	  0.03214833	     2	      305.30000	     5724.12000	        0.69710
5	  0.04333186	     3	      305.30000	     5724.12000	        0.69710
5	  0.04486920	     4	      305.30000	     5724.12000	        0.69710
5	  0.02930966	     5	      305.30000	     5724.12000	        0.69710
5	  0.02261673	     6	      305.30000	     5724.12000	        0.69710
5	  0.01682816	     7	      305.30000	     5724.12000	        0.69710
5	  0.02078643	     8	      305.30000	     5724.12000	        0.69710
5	  0.02995034	     9	      305.30000	     5724.12000	        0.69710
5	  0.03947377	    10	      305.30000	     5724.12000	        0.69710
5	  0.04857442	    11	      305.30000	     5724.12000	        0.69710
5	  0.01975324	    12	      305.30000	     5724.12000	        0.69710
5	  0.03584849	    13	      305.30000	     5724.12000	        0.69710
5	  0.04028266	    14	      305.30000	     5724.12000	        0.69710
5	  0.03500509	    15	      305.30000	     5724.12000	        0.69710
5	  0.03758569	    16	      305.30000	     5724.12000	        0.69710
6	  0.05060452	     1	      305.30000	     5724.22000	        0.66115
6	  0.04551258	     2	      305.30000	     5724.22000	        0.66115
6	  0.05977814	     3	      305.30000	     5724.22000	        0.66115
6	  0.06001719	     4	      305.30000	     5724.22000	        0.66115
6	  0.04748507	     5	      305.30000	     5724.22000	        0.66115
6	  0.03899186	     6	      305.30000	     5724.22000	        0.66115
6	  0.03162831	     7	      305.30000	     5724.22000	        0.66115
6	  0.04036446	     8	      305.30000	     5724.22000	        0.66115
6	  0.05053324	     9	      305.30000	     5724.22000	        0.66115
6	  0.06072718	    10	      305.30000	     5724.22000	        0.66115
6	  0.07043349	    11	      305.30000	     5724.22000	        0.66115
6	  0.04209257	    12	      305.30000	     5724.22000	        0.66115
6	  0.05358609	    13	      305.30000	     5724.22000	        0.66115
6	  0.05908628	    14	      305.30000	     5724.22000	        0.66115
6	  0.04663226	    15	      305.30000	     5724.22000	        0.66115
6	  0.04712890	    16	      305.30000	     5724.22000	        0.66115
7	  0.05867056	     1	      305.40000	     5723.72000	        0.66239
7	  0.06527883	     2	      305.40000	     5723.72000	        0.66239
7	  0.05084852	     3	      305.40000	     5723.72000	        0.66239
7	  0.05200865	     4	      305.40000	     5723.72000	        0.66239
7	  0.05805930	     5	      305.40000	     5723.72000	        0.66239
7	  0.06580345	     6	      305.40000	     5723.72000	        0.66239
7	  0.07749594	     7	      305.40000	     5723.72000	        0.66239
7	  0.06491086	     8	      305.40000	     5723.72000	        0.66239
7	  0.05830399	     9	      305.40000	     5723.72000	        0.66239
7	  0.05020799	    10	      305.40000	     5723.72000	        0.66239
7	  0.04221812	    11	      305.40000	     5723.72000	        0.66239
7	  0.06589450	    12	      305.40000	     5723.72000	        0.66239
7	  0.05447225	    13	      305.40000	     5723.72000	        0.66239
7	  0.04975478	    14	      305.40000	     5723.72000	        0.66239
7	  0.06823205	    15	      305.40000	     5723.72000	        0.66239
7	  0.06608218	    16	      305.40000	     5723.72000	        0.66239
8	  0.03750109	     1	      305.40000	     5723.82000	        0.68600
8	  0.04579442	     2	      305.40000	     5723.82000	        0.68600
8	  0.03192408	     3	      305.40000	     5723.82000	        0.68600
8	  0.03219293	     4	      305.40000	     5723.82000	        0.68600
8	  0.03789515	     5	      305.40000	     5723.82000	        0.68600
8	  0.04689045	     6	      305.40000	     5723.82000	        0.68600
8	  0.05714827	     7	      305.40000	     5723.82000	        0.68600
8	  0.04541846	     8	      305.40000	     5723.82000	        0.68600
8	  0.03949773	     9	      305.40000	     5723.82000	        0.68600
8	  0.03109106	    10	      305.40000	     5723.82000	        0.68600
8	  0.02567526	    11	      305.40000	     5723.82000	        0.68600
8	  0.04759844	    12	      305.40000	     5723.82000	        0.68600
8	  0.03372228	    13	      305.40000	     5723.82000	        0.68600
8	  0.02920141	    14	      305.40000	     5723.82000	        0.68600
8	  0.04716024	    15	      305.40000	     5723.82000	        0.68600
8	  0.04724429	    16	      305.40000	     5723.82000	        0.68600
9	  0.04690844	     1	      305.40000	     5724.22000	        0.61710
9	  0.03945527	     2	      305.40000	     5724.22000	        0.61710
9	  0.05160449	     3	      305.40000	     5724.22000	        0.61710
9	  0.05413947	     4	      305.40000	     5724.22000	        0.61710
9	  0.04797761	     5	      305.40000	     5724.22000	        0.61710
9	  0.03916757	     6	      305.40000	     5724.22000	        0.61710
9	  0.02956221	     7	      305.40000	     5724.22000	        0.61710
9	  0.04455331	     8	      305.40000	     5724.22000	        0.61710
9	  0.05652249	     9	      305.40000	     5724.22000	        0.61710
9	  0.06690784	    10	      305.40000	     5724.22000	        0.61710
9	  0.07422947	    11	      305.40000	     5724.22000	        0.61710
9	  0.05002480	    12	      305.40000	     5724.22000	        0.61710
9	  0.05265489	    13	      305.40000	     5724.22000	        0.61710
9	  0.05545214	    14	      305.40000	     5724.22000	        0.61710
9	  0.03770097	    15	      305.40000	     5724.22000	        0.61710
9	  0.03920703	    16	      305.40000	     5724.22000	        0.61710
10	  0.06233293	     1	      305.50000	     5723.72000	        0.58456
10	  0.06929285	     2	      305.50000	     5723.72000	        0.58456
10	  0.05426468	     3	      305.50000	     5723.72000	        0.58456
10	  0.05429195	     4	      305.50000	     5723.72000	        0.58456
10	  0.06641186	     5	      305.50000	     5723.72000	        0.58456
10	  0.07580966	     6	      305.50000	     5723.72000	        0.58456
10	  0.08184796	     7	      305.50000	     5723.72000	        0.58456
10	  0.07432840	     8	      305.50000	     5723.72000	        0.58456
10	  0.07136943	     9	      305.50000	     5723.72000	        0.58456
10	  0.06572531	    10	      305.50000	     5723.72000	        0.58456
10	  0.06199618	    11	      305.50000	     5723.72000	        0.58456
10	  0.08058880	    12	      305.50000	     5723.72000	        0.58456
10	  0.06300320	    13	      305.50000	     5723.72000	        0.58456
10	  0.05829016	    14	      305.50000	     5723.72000	        0.58456
10	  0.06792763	    15	      305.50000	     5723.72000	        0.58456
10	  0.06883975	    16	      305.50000	     5723.72000	        0.58456
11	  0.04550035	     1	      305.50000	     5723.82000	        0.58464
11	  0.05213677	     2	      305.50000	     5723.82000	        0.58464
11	  0.03588804	     3	      305.50000	     5723.82000	        0.58464
11	  0.03557698	     4	      305.50000	     5723.82000	        0.58464
11	  0.05152091	     5	      305.50000	     5723.82000	        0.58464
11	  0.05710678	     6	      305.50000	     5723.82000	        0.58464
11	  0.06454181	     7	      305.50000	     5723.82000	        0.58464
11	  0.06029991	     8	      305.50000	     5723.82000	        0.58464
11	  0.05919089	     9	      305.50000	     5723.82000	        0.58464
11	  0.05548442	    10	      305.50000	     5723.82000	        0.58464
11	  0.05407860	    11	      305.50000	     5723.82000	        0.58464
11	  0.06570348	    12	      305.50000	     5723.82000	        0.58464
11	  0.04515465	    13	      305.50000	     5723.82000	        0.58464
11	  0.04119713	    14	      305.50000	     5723.82000	        0.58464
11	  0.04844985	    15	      305.50000	     5723.82000	        0.58464
11	  0.04779555	    16	      305.50000	     5723.82000	        0.58464
12	  0.03315771	     1	      305.50000	     5723.92000	        0.59150
12	  0.03595639	     2	      305.50000	     5723.92000	        0.59150
12	  0.02142781	     3	      305.50000	     5723.92000	        0.59150
12	  0.02264537	     4	      305.50000	     5723.92000	        0.59150
12	  0.04062058	     5	      305.50000	     5723.92000	        0.59150
12	  0.04321756	     6	      305.50000	     5723.92000	        0.59150
12	  0.04920078	     7	      305.50000	     5723.92000	        0.59150
12	  0.04789249	     8	      305.50000	     5723.92000	        0.59150
12	  0.05318062	     9	      305.50000	     5723.92000	        0.59150
12	  0.05226964	    10	      305.50000	     5723.92000	        0.59150
12	  0.05226150	    11	      305.50000	     5723.92000	        0.59150
12	  0.05375564	    12	      305.50000	     5723.92000	        0.59150
12	  0.03595492	    13	      305.50000	     5723.92000	        0.59150
12	  0.03146661	    14	      305.50000	     5723.92000	        0.59150
12	  0.03095984	    15	      305.50000	     5723.92000	        0.59150
12	  0.03155286	    16	      305.50000	     5723.92000	        0.59150
13	  0.02837989	     1	      305.50000	     5724.02000	        0.57640
13	  0.02503040	     2	      305.50000	     5724.02000	        0.57640
13	  0.02192620	     3	      305.50000	     5724.02000	        0.57640
13	  0.02354090	     4	      305.50000	     5724.02000	        0.57640
13	  0.03682525	     5	      305.50000	     5724.02000	        0.57640
13	  0.03542009	     6	      305.50000	     5724.02000	        0.57640
13	  0.03633684	     7	      305.50000	     5724.02000	        0.57640
13	  0.04146099	     8	      305.50000	     5724.02000	        0.57640
13	  0.05134241	     9	      305.50000	     5724.02000	        0.57640
13	  0.05502266	    10	      305.50000	     5724.02000	        0.57640
13	  0.05775031	    11	      305.50000	     5724.02000	        0.57640
13	  0.05083866	    12	      305.50000	     5724.02000	        0.57640
13	  0.03352819	    13	      305.50000	     5724.02000	        0.57640
13	  0.03250943	    14	      305.50000	     5724.02000	        0.57640
13	  0.01805487	    15	      305.50000	     5724.02000	        0.57640
13	  0.01846926	    16	      305.50000	     5724.02000	        0.57640
14	  0.04000030	     1	      305.50000	     5724.12000	        0.55637
14	  0.03254618	     2	      305.50000	     5724.12000	        0.55637
14	  0.03891341	     3	      305.50000	     5724.12000	        0.55637
14	  0.04030521	     4	      305.50000	     5724.12000	        0.55637
14	  0.04634667	     5	      305.50000	     5724.12000	        0.55637
14	  0.03966014	     6	      305.50000	     5724.12000	        0.55637
14	  0.03709270	     7	      305.50000	     5724.12000	        0.55637
14	  0.04768150	     8	      305.50000	     5724.12000	        0.55637
14	  0.05977781	     9	      305.50000	     5724.12000	        0.55637
14	  0.06479002	    10	      305.50000	     5724.12000	        0.55637
14	  0.07286340	    11	      305.50000	     5724.12000	        0.55637
14	  0.05565222	    12	      305.50000	     5724.12000	        0.55637
14	  0.04525390	    13	      305.50000	     5724.12000	        0.55637
14	  0.04660769	    14	      305.50000	     5724.12000	        0.55637
14	  0.02536543	    15	      305.50000	     5724.12000	        0.55637
14	  0.02667829	    16	      305.50000	     5724.12000	        0.55637
15	  0.05858426	     1	      305.50000	     5724.22000	        0.51364
15	  0.05041236	     2	      305.50000	     5724.22000	        0.51364
15	  0.05819542	     3	      305.50000	     5724.22000	        0.51364
15	  0.06202189	     4	      305.50000	     5724.22000	        0.51364
15	  0.06435824	     5	      305.50000	     5724.22000	        0.51364
15	  0.05773159	     6	      305.50000	     5724.22000	        0.51364
15	  0.05066777	     7	      305.50000	     5724.22000	        0.51364
15	  0.06509384	     8	      305.50000	     5724.22000	        0.51364
15	  0.07684277	     9	      305.50000	     5724.22000	        0.51364
15	  0.08241468	    10	      305.50000	     5724.22000	        0.51364
15	  0.09002795	    11	      305.50000	     5724.22000	        0.51364
15	  0.07116990	    12	      305.50000	     5724.22000	        0.51364
15	  0.06458842	    13	      305.50000	     5724.22000	        0.51364
15	  0.06712819	    14	      305.50000	     5724.22000	        0.51364
15	  0.04519520	    15	      305.50000	     5724.22000	        0.51364
15	  0.04538984	    16	      305.50000	     5724.22000	        0.51364
